volume:0.200000
music:1
difficulty:1.000000

