volume:1.000000
music:1
difficulty:0.500000

